2019	1	0.25	1.9	-1	2.25	-1	-1	-1	28.45	17.6	40	2	10-Aug-19	11
2019	1	0.75	2	-1	2.25	-1	-1	-1	28.1	17.5	40	2	10-Aug-19	11
2019	1	1.25	1.7	-1	2.25	-1	-1	-1	27.95	17.5	40	2	10-Aug-19	11
2019	1	1.75	2.6	-1	2.25	-1	-1	-1	27.65	17.5	40	2	10-Aug-19	11
2019	1	2.25	3	-1	2.25	-1	-1	-1	27.6	17.7	40	2	10-Aug-19	11
2019	1	2.75	2.7	-1	2.25	-1	-1	-1	27.4	17.6	40	2	10-Aug-19	11
2019	1	3.25	2.3	-1	2.25	-1	-1	-1	26.9	17.4	40	2	10-Aug-19	11
2019	1	3.75	2.6	-1	2.25	-1	-1	-1	26.35	17.7	40	2	10-Aug-19	11
2019	1	4.25	2.3	-1	2.55	-1	-1	-1	26.95	17.5	40	2	10-Aug-19	11
2019	1	4.75	2.4	-1	3	-1	-1	-1	27.8	17.3	40	2	10-Aug-19	11
2019	1	5.25	2.6	-1	3.3	-1	-1	-1	28.95	17.5	0	0	10-Aug-19	11
2019	1	5.75	2.5	-1	23.1	-1	-1	-1	30.85	17.7	0	0	10-Aug-19	11
2019	1	6.25	2.2	-1	120	-1	-1	-1	33.15	18.5	0	0	10-Aug-19	11
2019	1	6.75	2.2	-1	249.15	-1	-1	-1	33.85	19.7	0	0	10-Aug-19	11
2019	1	7.25	2.4	-1	390.6	-1	-1	-1	34.1	20.1	0	0	10-Aug-19	11
2019	1	7.75	3.3	-1	542.1	-1	-1	-1	35.05	20.4	0	0	10-Aug-19	11
2019	1	8.25	3.7	-1	700.05	-1	-1	-1	35.1	19.9	0	0	10-Aug-19	11
2019	1	8.75	3.7	-1	774.6	-1	-1	-1	35.6	19.3	0	0	10-Aug-19	11
2019	1	9.25	3.3	-1	911.4	-1	-1	-1	36.1	19	0	0	10-Aug-19	11
2019	1	9.75	2.5	-1	1154.7	-1	-1	-1	36.15	18.6	0	0	10-Aug-19	11
2019	1	10.25	2.5	-1	1209.9	-1	-1	-1	35.8	19	0	0	10-Aug-19	11
2019	1	10.75	3.4	-1	1280.85	-1	-1	-1	35.15	18.7	0	0	10-Aug-19	11
2019	1	11.25	2.7	-1	1294.35	-1	-1	-1	34.15	18.1	0	0	10-Aug-19	11
2019	1	11.75	2.8	-1	1397.55	-1	-1	-1	32.8	17.8	0	0	10-Aug-19	11
2019	1	12.25	2.8	-1	1414.35	-1	-1	-1	31.75	17.5	0	0	10-Aug-19	11
2019	1	12.75	3	-1	1416.9	-1	-1	-1	30.7	17.6	0	0	10-Aug-19	11
2019	1	13.25	3.1	-1	1401.9	-1	-1	-1	30.2	17.3	0	0	10-Aug-19	11
2019	1	13.75	4.3	-1	1325.85	-1	-1	-1	29.7	17.3	0	0	10-Aug-19	11
2019	1	14.25	4.4	-1	1314.15	-1	-1	-1	29.3	17.4	0	0	10-Aug-19	11
2019	1	14.75	4.1	-1	1248.75	-1	-1	-1	28.6	16.9	0	0	10-Aug-19	11
2019	1	15.25	4.8	-1	1114.8	-1	-1	-1	28.1	16.7	0	0	10-Aug-19	11
2019	1	15.75	5.1	-1	1011.3	-1	-1	-1	27.6	16.4	0	0	10-Aug-19	11
2019	1	16.25	4.8	-1	847.8	-1	-1	-1	27.3	15.8	0	0	10-Aug-19	11
2019	1	16.75	4.9	-1	709.95	-1	-1	-1	26.95	15.2	0	0	10-Aug-19	11
2019	1	17.25	4.9	-1	556.35	-1	-1	-1	26.95	15.5	0	0	10-Aug-19	11
2019	1	17.75	4.4	-1	401.55	-1	-1	-1	27.2	15.8	0	0	10-Aug-19	11
2019	1	18.25	4.6	-1	103.5	-1	-1	-1	27.45	16.1	0	0	10-Aug-19	11
2019	1	18.75	3.6	-1	81.15	-1	-1	-1	27.5	16.4	0	0	10-Aug-19	11
2019	1	19.25	2.7	-1	23.85	-1	-1	-1	27.85	16.9	0	0	10-Aug-19	11
2019	1	19.75	2.6	-1	3	-1	-1	-1	28.05	17	0	0	10-Aug-19	11
2019	1	20.25	2.8	-1	3	-1	-1	-1	28.7	17	0	0	10-Aug-19	11
2019	1	20.75	2.9	-1	2.55	-1	-1	-1	29.3	17	0	0	10-Aug-19	11
2019	1	21.25	2.9	-1	4.35	-1	-1	-1	29.8	17	0	0	10-Aug-19	11
2019	1	21.75	2.7	-1	4.35	-1	-1	-1	29.95	17	0	0	10-Aug-19	11
2019	1	22.25	2.8	-1	2.25	-1	-1	-1	30.25	17.3	0	0	10-Aug-19	11
2019	1	22.75	2.3	-1	1.05	-1	-1	-1	30.4	17.7	0	0	10-Aug-19	11
2019	1	23.25	2.3	-1	5.55	-1	-1	-1	30.45	17.9	0	0	10-Aug-19	11
2019	1	23.75	2.1	-1	5.1	-1	-1	-1	30.35	18.1	40	2	10-Aug-19	11
2019	2	0.25	2.2	-1	3.3	-1	-1	-1	30.15	18.2	40	2	11-Aug-19	11
2019	2	0.75	2	-1	2.25	-1	-1	-1	30	18.3	40	2	11-Aug-19	11
2019	2	1.25	2.2	-1	3	-1	-1	-1	29.9	18.6	40	2	11-Aug-19	11
2019	2	1.75	2.4	-1	3.6	-1	-1	-1	30.05	18.7	40	2	11-Aug-19	11
2019	2	2.25	2	-1	2.25	-1	-1	-1	30	18.4	40	2	11-Aug-19	11
2019	2	2.75	2.3	-1	2.55	-1	-1	-1	30.3	18.3	40	2	11-Aug-19	11
2019	2	3.25	1.7	-1	2.55	-1	-1	-1	30.7	18.4	40	2	11-Aug-19	11
2019	2	3.75	2.2	-1	2.25	-1	-1	-1	31.3	18.3	40	2	11-Aug-19	11
2019	2	4.25	2.4	-1	2.25	-1	-1	-1	32.25	18.2	40	2	11-Aug-19	11
2019	2	4.75	2.7	-1	1.8	-1	-1	-1	32.8	18.1	40	2	11-Aug-19	11
2019	2	5.25	2.6	-1	2.25	-1	-1	-1	33.3	17.9	0	0	11-Aug-19	11
2019	2	5.75	2.6	-1	23.1	-1	-1	-1	33.8	17.7	0	0	11-Aug-19	11
2019	2	6.25	1.9	-1	112.35	-1	-1	-1	34.3	18	0	0	11-Aug-19	11
2019	2	6.75	1.6	-1	240	-1	-1	-1	34.5	18.9	0	0	11-Aug-19	11
2019	2	7.25	1.3	-1	382.95	-1	-1	-1	35.25	19.6	0	0	11-Aug-19	11
2019	2	7.75	1.6	-1	527.4	-1	-1	-1	35.6	20	0	0	11-Aug-19	11
2019	2	8.25	1.4	-1	675.6	-1	-1	-1	35.85	20.3	0	0	11-Aug-19	11
2019	2	8.75	1.3	-1	814.95	-1	-1	-1	35.05	20.2	0	0	11-Aug-19	11
2019	2	9.25	0.7	-1	948.75	-1	-1	-1	32.95	19.8	0	0	11-Aug-19	11
2019	2	9.75	0.8	-1	1077.9	-1	-1	-1	32.35	18.4	0	0	11-Aug-19	11
2019	2	10.25	1	-1	1181.4	-1	-1	-1	32.85	18.4	0	0	11-Aug-19	11
2019	2	10.75	1	-1	1265.55	-1	-1	-1	33.15	19.1	0	0	11-Aug-19	11
2019	2	11.25	0.5	-1	1337.85	-1	-1	-1	32.35	20.2	0	0	11-Aug-19	11
2019	2	11.75	1.3	-1	1386.9	-1	-1	-1	31.4	20.6	0	0	11-Aug-19	11
2019	2	12.25	1.5	-1	1408.5	-1	-1	-1	30.25	20.4	0	0	11-Aug-19	11
2019	2	12.75	0.6	-1	1350	-1	-1	-1	29.85	20.7	0	0	11-Aug-19	11
2019	2	13.25	1.6	-1	1030.65	-1	-1	-1	29.4	19.7	0	0	11-Aug-19	11
2019	2	13.75	1	-1	1415.85	-1	-1	-1	28.9	19.6	0	0	11-Aug-19	11
2019	2	14.25	1.6	-1	1293	-1	-1	-1	28.1	19.2	0	0	11-Aug-19	11
2019	2	14.75	1.4	-1	1194.6	-1	-1	-1	27.8	18.9	0	0	11-Aug-19	11
2019	2	15.25	2.1	-1	1090.35	-1	-1	-1	27.4	19.5	0	0	11-Aug-19	11
2019	2	15.75	2.6	-1	965.25	-1	-1	-1	27.25	19.2	0	0	11-Aug-19	11
2019	2	16.25	1.8	-1	837.6	-1	-1	-1	27.25	19.2	0	0	11-Aug-19	11
2019	2	16.75	2.2	-1	693.15	-1	-1	-1	27.15	19.6	0	0	11-Aug-19	11
2019	2	17.25	2.9	-1	529.2	-1	-1	-1	26.95	19.7	0	0	11-Aug-19	11
2019	2	17.75	2.9	-1	379.95	-1	-1	-1	26.9	19.9	0	0	11-Aug-19	11
2019	2	18.25	3.9	-1	105	-1	-1	-1	26.8	20.2	0	0	11-Aug-19	11
2019	2	18.75	3.4	-1	36.9	-1	-1	-1	26.9	20.4	0	0	11-Aug-19	11
2019	2	19.25	3.7	-1	15	-1	-1	-1	27.3	20.9	0	0	11-Aug-19	11
2019	2	19.75	3.9	-1	3	-1	-1	-1	27.65	21.5	0	0	11-Aug-19	11
2019	2	20.25	3.6	-1	4.05	-1	-1	-1	27.6	21.6	0	0	11-Aug-19	11
2019	2	20.75	3.7	-1	3.3	-1	-1	-1	27.05	21.9	0	0	11-Aug-19	11
2019	2	21.25	3.8	-1	2.25	-1	-1	-1	26.8	22.5	0	0	11-Aug-19	11
2019	2	21.75	4.1	-1	4.05	-1	-1	-1	26.95	23.1	0	0	11-Aug-19	11
2019	2	22.25	4.3	-1	4.35	-1	-1	-1	26.05	23.2	0	0	11-Aug-19	11
2019	2	22.75	4.9	-1	3	-1	-1	-1	25.75	23.3	0	0	11-Aug-19	11
2019	2	23.25	5	-1	2.25	-1	-1	-1	25.25	23.6	0	0	11-Aug-19	11
2019	2	23.75	5.3	-1	2.55	-1	-1	-1	25.45	24.1	0	0	11-Aug-19	11
2019	3	0.25	4.7	-1	2.25	-1	-1	-1	26.5	24.1	40	2	12-Aug-19	11
2019	3	0.75	4.9	-1	2.25	-1	-1	-1	27.55	24.2	40	2	12-Aug-19	11
2019	3	1.25	5.1	-1	2.25	-1	-1	-1	28.7	24.5	40	2	12-Aug-19	11
2019	3	1.75	4.6	-1	1.5	-1	-1	-1	30.35	24.7	40	2	12-Aug-19	11
2019	3	2.25	4.5	-1	2.25	-1	-1	-1	31.1	24.9	40	2	12-Aug-19	11
2019	3	2.75	4.4	-1	2.25	-1	-1	-1	31.8	25	40	2	12-Aug-19	11
2019	3	3.25	4.4	-1	2.25	-1	-1	-1	32.3	25.2	40	2	12-Aug-19	11
2019	3	3.75	4.3	-1	2.25	-1	-1	-1	32.85	25.3	40	2	12-Aug-19	11
2019	3	4.25	4.4	-1	2.25	-1	-1	-1	33.15	25.4	40	2	12-Aug-19	11
2019	3	4.75	5.1	-1	2.25	-1	-1	-1	33.45	25.5	40	2	12-Aug-19	11
2019	3	5.25	5.8	-1	4.5	-1	-1	-1	33.25	25.7	0	0	12-Aug-19	11
2019	3	5.75	5.3	-1	6.75	-1	-1	-1	33.8	26.3	0	0	12-Aug-19	11
2019	3	6.25	5.2	-1	9.15	-1	-1	-1	33.15	26.3	0	0	12-Aug-19	11
2019	3	6.75	6.5	-1	6.3	-1	-1	-1	33.5	25	4.57	0	12-Aug-19	11
2019	3	7.25	5.3	-1	8.4	-1	-1	-1	33.4	24.4	6.1	0	12-Aug-19	11
2019	3	7.75	3.7	-1	15.75	-1	-1	-1	33.3	24.8	1.52	0	12-Aug-19	11
2019	3	8.25	1.2	-1	44.7	-1	-1	-1	32.75	25	1.02	0	12-Aug-19	11
2019	3	8.75	0.6	-1	137.1	-1	-1	-1	31.9	25.5	0	0	12-Aug-19	11
2019	3	9.25	0.6	-1	136.8	-1	-1	-1	31.15	25.5	0.25	0	12-Aug-19	11
2019	3	9.75	2.1	-1	287.4	-1	-1	-1	30.45	26	0	0	12-Aug-19	11
2019	3	10.25	2.4	-1	502.95	-1	-1	-1	30	27.3	0	0	12-Aug-19	11
2019	3	10.75	1.3	-1	341.55	-1	-1	-1	29.6	27.2	0	0	12-Aug-19	11
2019	3	11.25	1.5	-1	213.6	-1	-1	-1	28.9	27.5	0	0	12-Aug-19	11
2019	3	11.75	1.6	-1	164.25	-1	-1	-1	28.5	27.7	0	0	12-Aug-19	11
2019	3	12.25	0.9	-1	178.5	-1	-1	-1	28.1	27.6	0	0	12-Aug-19	11
2019	3	12.75	0.8	-1	207.45	-1	-1	-1	27.75	27.4	0	0	12-Aug-19	11
2019	3	13.25	2.6	-1	733.65	-1	-1	-1	27.45	27.5	0	0	12-Aug-19	11
2019	3	13.75	2.5	-1	746.55	-1	-1	-1	27.1	25	0	0	12-Aug-19	11
2019	3	14.25	2	-1	204.45	-1	-1	-1	26.95	25.4	0	0	12-Aug-19	11
2019	3	14.75	1.7	-1	456.75	-1	-1	-1	26.65	25	0	0	12-Aug-19	11
2019	3	15.25	1.5	-1	528.9	-1	-1	-1	26.15	24.8	0	0	12-Aug-19	11
2019	3	15.75	4.1	-1	569.1	-1	-1	-1	25.8	26.7	0	0	12-Aug-19	11
2019	3	16.25	4.3	-1	688.35	-1	-1	-1	25.3	26.9	0	0	12-Aug-19	11
2019	3	16.75	4.8	-1	214.65	-1	-1	-1	25.2	26.7	0	0	12-Aug-19	11
2019	3	17.25	4.7	-1	36.9	-1	-1	-1	25	27.4	0	0	12-Aug-19	11
2019	3	17.75	4.9	-1	51.9	-1	-1	-1	24.75	27.5	0	0	12-Aug-19	11
2019	3	18.25	3.2	-1	17.25	-1	-1	-1	24.6	26.3	0	0	12-Aug-19	11
2019	3	18.75	6.9	-1	10.65	-1	-1	-1	24.3	25.4	10.25	0	12-Aug-19	11
2019	3	19.25	7.3	-1	2.55	-1	-1	-1	24.25	25.3	12.03	0	12-Aug-19	11
2019	3	19.75	5.6	-1	3	-1	-1	-1	24.1	24	15.6	0	12-Aug-19	11
2019	3	20.25	6.9	-1	3.6	-1	-1	-1	23.9	24.1	2.54	0	12-Aug-19	11
2019	3	20.75	3.4	-1	2.55	-1	-1	-1	23.9	24.4	2.28	0	12-Aug-19	11
2019	3	21.25	2.5	-1	4.35	-1	-1	-1	23.9	24.2	2.03	0	12-Aug-19	11
2019	3	21.75	3	-1	4.35	-1	-1	-1	23.75	24.5	1.27	0	12-Aug-19	11
2019	3	22.25	4.1	-1	4.8	-1	-1	-1	23.7	24.9	1.53	0	12-Aug-19	11
2019	3	22.75	3.2	-1	3	-1	-1	-1	24.5	24.3	1.01	0	12-Aug-19	11
2019	3	23.25	4.1	-1	4.35	-1	-1	-1	25.6	23.9	0	0	12-Aug-19	11
2019	3	23.75	3.7	-1	4.35	-1	-1	-1	26.95	24	0.26	0	12-Aug-19	11
2019	4	0.25	2.3	-1	4.35	-1	-1	-1	28.5	24.3	40	2	13-Aug-19	11
2019	4	0.75	1.7	-1	4.35	-1	-1	-1	29.75	24.2	40	2	13-Aug-19	11
2019	4	1.25	1.7	-1	4.35	-1	-1	-1	30.8	24.1	40	2	13-Aug-19	11
2019	4	1.75	0.5	-1	3	-1	-1	-1	32.15	23.9	40	2	13-Aug-19	11
2019	4	2.25	0.1	-1	4.05	-1	-1	-1	32.65	23.9	40	2	13-Aug-19	11
2019	4	2.75	0.6	-1	4.35	-1	-1	-1	32.95	23.7	40	2	13-Aug-19	11
2019	4	3.25	0.7	-1	5.1	-1	-1	-1	33	23.8	40	2	13-Aug-19	11
2019	4	3.75	1.8	-1	4.35	-1	-1	-1	33.5	23.8	40	2	13-Aug-19	11
2019	4	4.25	2.7	-1	4.35	-1	-1	-1	33.75	23.9	40	2	13-Aug-19	11
2019	4	4.75	3.5	-1	4.8	-1	-1	-1	33.85	23.7	40	2	13-Aug-19	11
2019	4	5.25	1.7	-1	4.35	-1	-1	-1	33.95	23.7	0	0	13-Aug-19	11
2019	4	5.75	0.5	-1	8.1	-1	-1	-1	33.7	23.8	0	0	13-Aug-19	11
2019	4	6.25	0.1	-1	29.7	-1	-1	-1	33.05	23.9	0	0	13-Aug-19	11
2019	4	6.75	0.3	-1	53.7	-1	-1	-1	32.95	24.1	0	0	13-Aug-19	11
2019	4	7.25	0.6	-1	76.5	-1	-1	-1	32.4	24.2	0	0	13-Aug-19	11
2019	4	7.75	1.6	-1	90.3	-1	-1	-1	31.6	24.4	0	0	13-Aug-19	11
2019	4	8.25	2.1	-1	246.45	-1	-1	-1	30.7	24.8	0	0	13-Aug-19	11
2019	4	8.75	2.6	-1	252.45	-1	-1	-1	30.9	25.1	0	0	13-Aug-19	11
2019	4	9.25	1.9	-1	387	-1	-1	-1	30.9	25.5	0	0	13-Aug-19	11
2019	4	9.75	1.2	-1	290.85	-1	-1	-1	30.45	25.3	0	0	13-Aug-19	11
2019	4	10.25	1.2	-1	292.95	-1	-1	-1	30.6	25.4	0	0	13-Aug-19	11
2019	4	10.75	1.5	-1	730.05	-1	-1	-1	30.45	25.4	0	0	13-Aug-19	11
2019	4	11.25	0.6	-1	550.8	-1	-1	-1	29.95	25.1	0	0	13-Aug-19	11
2019	4	11.75	0.2	-1	871.95	-1	-1	-1	29.5	25	0	0	13-Aug-19	11
2019	4	12.25	0.5	-1	716.1	-1	-1	-1	28.95	25	0	0	13-Aug-19	11
2019	4	12.75	0.9	-1	737.4	-1	-1	-1	28.65	24.8	0	0	13-Aug-19	11
2019	4	13.25	1.3	-1	724.95	-1	-1	-1	28.15	25.1	0	0	13-Aug-19	11
2019	4	13.75	1.7	-1	314.55	-1	-1	-1	27.55	25.6	0	0	13-Aug-19	11
2019	4	14.25	1.5	-1	1004.4	-1	-1	-1	27.25	25.9	0	0	13-Aug-19	11
2019	4	14.75	0.6	-1	833.85	-1	-1	-1	27	25.6	0	0	13-Aug-19	11
2019	4	15.25	3	-1	345.6	-1	-1	-1	26.6	26.5	0	0	13-Aug-19	11
2019	4	15.75	3.6	-1	203.4	-1	-1	-1	26.05	27.6	0.76	0	13-Aug-19	11
2019	4	16.25	2.4	-1	207.75	-1	-1	-1	25.6	27.9	0.25	0	13-Aug-19	11
2019	4	16.75	1.2	-1	168.3	-1	-1	-1	25.35	27.7	0	0	13-Aug-19	11
2019	4	17.25	2.1	-1	129.9	-1	-1	-1	25.25	27.6	0	0	13-Aug-19	11
2019	4	17.75	1.9	-1	40.2	-1	-1	-1	24.8	26.5	0	0	13-Aug-19	11
2019	4	18.25	0.5	-1	17.85	-1	-1	-1	24	26.9	0	0	13-Aug-19	11
2019	4	18.75	1.2	-1	17.55	-1	-1	-1	23.9	27.1	0	0	13-Aug-19	11
2019	4	19.25	1.1	-1	10.95	-1	-1	-1	23.5	26.4	0	0	13-Aug-19	11
2019	4	19.75	0.2	-1	1.8	-1	-1	-1	23	26	0	0	13-Aug-19	11
2019	4	20.25	0.6	-1	2.25	-1	-1	-1	23.6	25.9	0	0	13-Aug-19	11
2019	4	20.75	2	-1	2.25	-1	-1	-1	25.25	25.8	0	0	13-Aug-19	11
2019	4	21.25	1.9	-1	2.25	-1	-1	-1	27	24.8	0	0	13-Aug-19	11
2019	4	21.75	2	-1	4.05	-1	-1	-1	29.05	24.4	0	0	13-Aug-19	11
2019	4	22.25	2.3	-1	2.25	-1	-1	-1	30.55	24.8	0	0	13-Aug-19	11
2019	4	22.75	2	-1	1.5	-1	-1	-1	31.05	24.9	0	0	13-Aug-19	11
2019	4	23.25	1.8	-1	2.25	-1	-1	-1	30.95	24.9	0	0	13-Aug-19	11
2019	4	23.75	1.7	-1	2.25	-1	-1	-1	31.2	25	0	0	13-Aug-19	11
2019	5	0.25	1.7	-1	3.6	-1	-1	-1	32.05	25	40	2	14-Aug-19	11
2019	5	0.75	1.7	-1	3.3	-1	-1	-1	32.2	25	40	2	14-Aug-19	11
2019	5	1.25	1.8	-1	4.35	-1	-1	-1	32.7	24.9	40	2	14-Aug-19	11
2019	5	1.75	1.8	-1	4.35	-1	-1	-1	32.95	24.9	40	2	14-Aug-19	11
2019	5	2.25	1.7	-1	3.6	-1	-1	-1	32.9	25.1	40	2	14-Aug-19	11
2019	5	2.75	1.7	-1	3	-1	-1	-1	32.9	25.1	40	2	14-Aug-19	11
2019	5	3.25	1.9	-1	2.25	-1	-1	-1	32.75	25.8	40	2	14-Aug-19	11
2019	5	3.75	2.3	-1	2.25	-1	-1	-1	32.2	26.5	40	2	14-Aug-19	11
2019	5	4.25	2.2	-1	4.05	-1	-1	-1	30.8	26.8	40	2	14-Aug-19	11
2019	5	4.75	1.9	-1	4.35	-1	-1	-1	29.4	26.9	40	2	14-Aug-19	11
2019	5	5.25	2.6	-1	4.8	-1	-1	-1	29.5	27.2	0	0	14-Aug-19	11
2019	5	5.75	1.9	-1	7.35	-1	-1	-1	29.15	27.3	0	0	14-Aug-19	11
2019	5	6.25	3.2	-1	49.05	-1	-1	-1	28.4	27.3	0	0	14-Aug-19	11
2019	5	6.75	3.9	-1	93.6	-1	-1	-1	29.3	27.8	0	0	14-Aug-19	11
2019	5	7.25	3.8	-1	180.6	-1	-1	-1	30.5	28.3	0	0	14-Aug-19	11
2019	5	7.75	3.8	-1	342.75	-1	-1	-1	30.7	28.6	0	0	14-Aug-19	11
2019	5	8.25	4.2	-1	607.2	-1	-1	-1	30.7	28.7	0	0	14-Aug-19	11
2019	5	8.75	4	-1	690.15	-1	-1	-1	30.9	28.9	0	0	14-Aug-19	11
2019	5	9.25	3.4	-1	928.65	-1	-1	-1	31.15	29.2	0	0	14-Aug-19	11
2019	5	9.75	3.2	-1	1091.7	-1	-1	-1	30.7	29.1	0	0	14-Aug-19	11
2019	5	10.25	3.4	-1	1136.4	-1	-1	-1	30.55	28.7	0	0	14-Aug-19	11
2019	5	10.75	3.6	-1	1180.5	-1	-1	-1	30.25	28.8	0	0	14-Aug-19	11
2019	5	11.25	4	-1	1241.25	-1	-1	-1	30.05	28.5	0	0	14-Aug-19	11
2019	5	11.75	3.6	-1	1291.05	-1	-1	-1	30.05	27.8	0	0	14-Aug-19	11
2019	5	12.25	3.7	-1	1378.5	-1	-1	-1	30	27.5	0	0	14-Aug-19	11
2019	5	12.75	4.7	-1	1370.1	-1	-1	-1	30	26.9	0	0	14-Aug-19	11
2019	5	13.25	5.2	-1	1348.95	-1	-1	-1	29.75	26.3	0	0	14-Aug-19	11
2019	5	13.75	5.4	-1	1357.35	-1	-1	-1	29.35	26.4	0	0	14-Aug-19	11
2019	5	14.25	5.5	-1	1236.3	-1	-1	-1	29.3	26.9	0	0	14-Aug-19	11
2019	5	14.75	5.9	-1	1106.4	-1	-1	-1	29.45	28.1	0	0	14-Aug-19	11
2019	5	15.25	6.4	-1	923.1	-1	-1	-1	29.8	28.6	0	0	14-Aug-19	11
2019	5	15.75	6.7	-1	988.2	-1	-1	-1	30	29.5	0	0	14-Aug-19	11
2019	5	16.25	7.5	-1	792.9	-1	-1	-1	29.9	29.6	0	0	14-Aug-19	11
2019	5	16.75	7.4	-1	390.6	-1	-1	-1	29.95	28.9	0	0	14-Aug-19	11
2019	5	17.25	7	-1	398.25	-1	-1	-1	30.15	29.3	0	0	14-Aug-19	11
2019	5	17.75	6.9	-1	336.45	-1	-1	-1	30.6	28.3	0	0	14-Aug-19	11
2019	5	18.25	6.5	-1	105.3	-1	-1	-1	31.1	27.3	0	0	14-Aug-19	11
2019	5	18.75	5.6	-1	74.25	-1	-1	-1	31.5	27.7	0	0	14-Aug-19	11
2019	5	19.25	4.3	-1	20.1	-1	-1	-1	31.75	28	0	0	14-Aug-19	11
2019	5	19.75	3	-1	3	-1	-1	-1	31.85	28.3	0	0	14-Aug-19	11
2019	5	20.25	2.7	-1	3.3	-1	-1	-1	31.95	28.7	0	0	14-Aug-19	11
2019	5	20.75	4.4	-1	1.8	-1	-1	-1	32.05	28.7	0	0	14-Aug-19	11
2019	5	21.25	4.9	-1	3.3	-1	-1	-1	32.15	27.7	0	0	14-Aug-19	11
2019	5	21.75	4.9	-1	4.05	-1	-1	-1	33.3	27	0	0	14-Aug-19	11
2019	5	22.25	6.1	-1	4.05	-1	-1	-1	28.45	26.7	0	0	14-Aug-19	11
2019	5	22.75	6.6	-1	4.05	-1	-1	-1	26.15	27.1	0	0	14-Aug-19	11
2019	5	23.25	6.8	-1	4.05	-1	-1	-1	24.5	27.4	0	0	14-Aug-19	11
2019	5	23.75	6.1	-1	3.3	-1	-1	-1	23.5	27.6	0	0	14-Aug-19	11
2019	6	0.25	6.3	-1	1.05	-1	-1	-1	23.4	27.8	40	2	15-Aug-19	11
2019	6	0.75	6.3	-1	2.25	-1	-1	-1	20.5	28	40	2	15-Aug-19	11
2019	6	1.25	6.5	-1	1.8	-1	-1	-1	20.85	28	40	2	15-Aug-19	11
2019	6	1.75	6.1	-1	2.25	-1	-1	-1	26.05	27.8	40	2	15-Aug-19	11
2019	6	2.25	5.7	-1	2.25	-1	-1	-1	28.15	27.5	40	2	15-Aug-19	11
2019	6	2.75	5.6	-1	2.25	-1	-1	-1	30.2	26.9	40	2	15-Aug-19	11
2019	6	3.25	5.5	-1	2.25	-1	-1	-1	31.55	26.1	40	2	15-Aug-19	11
2019	6	3.75	5.3	-1	2.25	-1	-1	-1	33.05	25.4	40	2	15-Aug-19	11
2019	6	4.25	6.1	-1	4.05	-1	-1	-1	34.25	24.8	40	2	15-Aug-19	11
2019	6	4.75	5.6	-1	4.35	-1	-1	-1	35.45	24.4	40	2	15-Aug-19	11
2019	6	5.25	5.8	-1	4.05	-1	-1	-1	35.7	24.1	0	0	15-Aug-19	11
2019	6	5.75	5.8	-1	16.5	-1	-1	-1	36	23.9	0	0	15-Aug-19	11
2019	6	6.25	5.6	-1	92.85	-1	-1	-1	36.55	23.8	0	0	15-Aug-19	11
2019	6	6.75	5.2	-1	2.8	-1	-1	-1	36.9	24	0	0	15-Aug-19	11
2019	6	7.25	5.7	-1	365.1	-1	-1	-1	37	24	0	0	15-Aug-19	11
2019	6	7.75	6.4	-1	510.15	-1	-1	-1	37.05	24.1	0	0	15-Aug-19	 
2019	6	8.25	6.7	-1	659.85	-1	-1	-1	36.75	24.3	0	0	15-Aug-19	 
2019	6	8.75	6.6	-1	802.5	-1	-1	-1	37.2	24.5	0	0	15-Aug-19	11
2019	6	9.25	6.9	-1	940.35	-1	-1	-1	34.95	24.9	0	0	15-Aug-19	11
2019	6	9.75	7.2	-1	1062.9	-1	-1	-1	32.65	25.2	0	0	15-Aug-19	11
2019	6	10.25	7.1	-1	1167.45	-1	-1	-1	31.6	25.5	0	0	15-Aug-19	11
2019	6	10.75	6.9	-1	1255.2	-1	-1	-1	29.15	25.9	0	0	15-Aug-19	11
2019	6	11.25	6.6	-1	1323.3	-1	-1	-1	28.35	26.5	0	0	15-Aug-19	11
2019	6	11.75	6	-1	1363.2	-1	-1	-1	27.85	27.1	0	0	15-Aug-19	11
2019	6	12.25	6.6	-1	1384.8	-1	-1	-1	26.1	27.4	0	0	15-Aug-19	11
2019	6	12.75	6.8	-1	1362	-1	-1	-1	25.55	28	0	0	15-Aug-19	11
2019	6	13.25	7.2	-1	1324.5	-1	-1	-1	25.45	28.3	0	0	15-Aug-19	11
2019	6	13.75	7.6	-1	1319.25	-1	-1	-1	25.65	28.5	0	0	15-Aug-19	11
2019	6	14.25	8.2	-1	1252.35	-1	-1	-1	26.15	28.6	0	0	15-Aug-19	11
2019	6	14.75	8.4	-1	1159.5	-1	-1	-1	26	28.8	0	0	15-Aug-19	11
2019	6	15.25	8.5	-1	1057.8	-1	-1	-1	25.4	28.7	0	0	15-Aug-19	11
2019	6	15.75	9	-1	941.1	-1	-1	-1	24.95	28.6	0	0	15-Aug-19	11
2019	6	16.25	9.1	-1	806.1	-1	-1	-1	24.65	28.7	0	0	15-Aug-19	11
2019	6	16.75	8.8	-1	660.9	-1	-1	-1	25.25	28.4	0	0	15-Aug-19	11
2019	6	17.25	8.3	-1	501	-1	-1	-1	24.95	27.8	0	0	15-Aug-19	11
2019	6	17.75	8.9	-1	355.5	-1	-1	-1	23.65	27.6	0	0	15-Aug-19	11
2019	6	18.25	9.2	-1	103.5	-1	-1	-1	23.65	27.9	0	0	15-Aug-19	11
2019	6	18.75	7.5	-1	77.85	-1	-1	-1	23.1	28.3	0	0	15-Aug-19	11
2019	6	19.25	6.8	-1	17.55	-1	-1	-1	22.8	28	0	0	15-Aug-19	11
2019	6	19.75	5.8	-1	4.05	-1	-1	-1	22.75	28.6	0	0	15-Aug-19	11
2019	6	20.25	5.8	-1	2.55	-1	-1	-1	22.25	29.4	0	0	15-Aug-19	11
2019	6	20.75	6.9	-1	3	-1	-1	-1	22.15	29.3	0	0	15-Aug-19	11
2019	6	21.25	7.2	-1	2.55	-1	-1	-1	21.5	29.4	0	0	15-Aug-19	11
2019	6	21.75	8.4	-1	2.25	-1	-1	-1	21.6	28.8	0	0	15-Aug-19	11
2019	6	22.25	9	-1	0.75	-1	-1	-1	20.9	28.1	0	0	15-Aug-19	11
2019	6	22.75	8.6	-1	1.8	-1	-1	-1	20.45	27.4	0	0	15-Aug-19	11
2019	6	23.25	8.7	-1	2.25	-1	-1	-1	20.85	27.2	0	0	15-Aug-19	11
2019	6	23.75	8.9	-1	2.25	-1	-1	-1	22.95	26.5	0	0	15-Aug-19	11
2019	7	0.25	8.3	-1	2.25	-1	-1	-1	26.3	26	40	2	16-Aug-19	11
2019	7	0.75	7.9	-1	2.25	-1	-1	-1	28.5	26.1	40	2	16-Aug-19	11
2019	7	1.25	8.2	-1	3	-1	-1	-1	30.35	26.2	40	2	16-Aug-19	11
2019	7	1.75	8.5	-1	4.05	-1	-1	-1	32	26.3	40	2	16-Aug-19	11
2019	7	2.25	8.2	-1	3.6	-1	-1	-1	33.45	26.1	40	2	16-Aug-19	11
2019	7	2.75	8.3	-1	4.05	-1	-1	-1	34.85	25.9	40	2	16-Aug-19	11
2019	7	3.25	8.1	-1	3.3	-1	-1	-1	36	25.6	40	2	16-Aug-19	11
2019	7	3.75	7.6	-1	3.6	-1	-1	-1	37.2	25.3	40	2	16-Aug-19	11
2019	7	4.25	8.2	-1	3.3	-1	-1	-1	38.1	24.6	40	2	16-Aug-19	11
2019	7	4.75	7.7	-1	1.8	-1	-1	-1	38.6	24.1	40	2	16-Aug-19	11
2019	7	5.25	7.9	-1	2.25	-1	-1	-1	39	23.9	0	0	16-Aug-19	11
2019	7	5.75	8	-1	10.95	-1	-1	-1	39	23.8	0	0	16-Aug-19	11
2019	7	6.25	8.9	-1	80.1	-1	-1	-1	39.2	23.6	0	0	16-Aug-19	11
2019	7	6.75	6.5	-1	212.1	-1	-1	-1	39.4	23.9	0	0	16-Aug-19	11
2019	7	7.25	6.2	-1	365.4	-1	-1	-1	39	24.4	0	0	16-Aug-19	11
2019	7	7.75	6.4	-1	505.5	-1	-1	-1	38.05	24.7	0	0	16-Aug-19	11
2019	7	8.25	6	-1	657.6	-1	-1	-1	36.25	24.8	0	0	16-Aug-19	11
2019	7	8.75	5.8	-1	806.1	-1	-1	-1	34.25	24.8	0	0	16-Aug-19	11
2019	7	9.25	5	-1	943.2	-1	-1	-1	32.7	24.3	0	0	16-Aug-19	11
2019	7	9.75	4.5	-1	1052.7	-1	-1	-1	30.8	24.1	0	0	16-Aug-19	11
2019	7	10.25	4.4	-1	1151.4	-1	-1	-1	29.65	25	0	0	16-Aug-19	11
2019	7	10.75	3.9	-1	1246.8	-1	-1	-1	29.9	25.9	0	0	16-Aug-19	11
2019	7	11.25	3.9	-1	1006.45	-1	-1	-1	29.2	26.7	0	0	16-Aug-19	11
2019	7	11.75	4.6	-1	1078.65	-1	-1	-1	29.35	27.5	0	0	16-Aug-19	11
2019	7	12.25	6.3	-1	1372.35	-1	-1	-1	28.45	26.9	0	0	16-Aug-19	11
2019	7	12.75	4.2	-1	1391.7	-1	-1	-1	26.2	25.2	0	0	16-Aug-19	11
2019	7	13.25	3.6	-1	1385.1	-1	-1	-1	26.85	23.8	0	0	16-Aug-19	11
2019	7	13.75	3.7	-1	1346.25	-1	-1	-1	26.85	21.8	0	0	16-Aug-19	11
2019	7	14.25	3.8	-1	1278.3	-1	-1	-1	28.55	20.2	0	0	16-Aug-19	11
2019	7	14.75	4.2	-1	1191.3	-1	-1	-1	29.2	19.2	0	0	16-Aug-19	11
2019	7	15.25	4.7	-1	1088.85	-1	-1	-1	29.3	18.1	0	0	16-Aug-19	11
2019	7	15.75	5	-1	971.1	-1	-1	-1	29.1	17.6	0	0	16-Aug-19	11
2019	7	16.25	5	-1	834.3	-1	-1	-1	27.9	17.8	0	0	16-Aug-19	11
2019	7	16.75	4.5	-1	690.15	-1	-1	-1	28.65	18	0	0	16-Aug-19	11
2019	7	17.25	4.3	-1	531.75	-1	-1	-1	28.85	18.4	0	0	16-Aug-19	11
2019	7	17.75	3.9	-1	379.95	-1	-1	-1	27.95	18.6	0	0	16-Aug-19	11
2019	7	18.25	3.3	-1	101.7	-1	-1	-1	27.85	18.1	0	0	16-Aug-19	11
2019	7	18.75	3.2	-1	85.65	-1	-1	-1	28.5	15.7	0	0	16-Aug-19	11
2019	7	19.25	2.5	-1	18.6	-1	-1	-1	29.35	16	0	0	16-Aug-19	11
2019	7	19.75	1.8	-1	3	-1	-1	-1	30.25	16	0	0	16-Aug-19	11
2019	7	20.25	1.5	-1	2.55	-1	-1	-1	29.9	15.9	0	0	16-Aug-19	11
2019	7	20.75	1.1	-1	3	-1	-1	-1	29.25	15.3	0	0	16-Aug-19	11
2019	7	21.25	0.9	-1	4.35	-1	-1	-1	29	14.8	0	0	16-Aug-19	11
2019	7	21.75	1	-1	0	-1	-1	-1	29.9	14.3	0	0	16-Aug-19	11
2019	7	22.25	1.1	-1	0	-1	-1	-1	30.8	13	0	0	16-Aug-19	11
2019	7	22.75	1.2	-1	3	-1	-1	-1	31.65	13.4	0	0	16-Aug-19	11
2019	7	23.25	1.8	-1	0	-1	-1	-1	32.65	13.2	0	0	16-Aug-19	11
2019	7	23.75	2.3	-1	1.8	-1	-1	-1	33.2	14.2	0	0	16-Aug-19	11
2019	8	0.25	2.7	-1	3.6	-1	-1	-1	33.9	15.2	40	2	17-Aug-19	11
2019	8	0.75	3.2	-1	3	-1	-1	-1	34.35	15.7	40	2	17-Aug-19	11
2019	8	1.25	2.9	-1	1.8	-1	-1	-1	34.75	15.5	40	2	17-Aug-19	11
2019	8	1.75	2.5	-1	0.45	-1	-1	-1	35.25	15.1	40	2	17-Aug-19	11
2019	8	2.25	2.9	-1	5.85	-1	-1	-1	35.55	15.6	40	2	17-Aug-19	11
2019	8	2.75	2.2	-1	5.1	-1	-1	-1	35.85	15.4	40	2	17-Aug-19	11
2019	8	3.25	2.3	-1	4.05	-1	-1	-1	34.55	15.5	40	2	17-Aug-19	11
2019	8	3.75	2.2	-1	2.25	-1	-1	-1	34.85	15.3	40	2	17-Aug-19	11
2019	8	4.25	2.8	-1	2.25	-1	-1	-1	34.8	15.4	40	2	17-Aug-19	11
2019	8	4.75	3.3	-1	2.25	-1	-1	-1	34.85	15.6	40	2	17-Aug-19	11
2019	8	5.25	3.2	-1	3	-1	-1	-1	34.95	15.7	0	0	17-Aug-19	11
2019	8	5.75	3.1	-1	17.55	-1	-1	-1	35.15	15.9	0	0	17-Aug-19	11
2019	8	6.25	2.5	-1	96.15	-1	-1	-1	35.35	15.8	0	0	17-Aug-19	11
2019	8	6.75	2.6	-1	231.15	-1	-1	-1	35.6	16.7	0	0	17-Aug-19	11
2019	8	7.25	2.2	-1	382.2	-1	-1	-1	35.9	17.7	0	0	17-Aug-19	11
2019	8	7.75	1.5	-1	531	-1	-1	-1	35.6	17.7	0	0	17-Aug-19	11
2019	8	8.25	0.4	-1	668.55	-1	-1	-1	34.75	18.2	0	0	17-Aug-19	11
2019	8	8.75	1.8	-1	819.6	-1	-1	-1	33.65	17.3	0	0	17-Aug-19	11
2019	8	9.25	1.5	-1	958.65	-1	-1	-1	33.3	17	0	0	17-Aug-19	11
2019	8	9.75	1.3	-1	1078.95	-1	-1	-1	32.95	16	0	0	17-Aug-19	11
2019	8	10.25	2.3	-1	1187.55	-1	-1	-1	32.15	19.2	0	0	17-Aug-19	11
2019	8	10.75	3.1	-1	1246.05	-1	-1	-1	31.6	20.9	0	0	17-Aug-19	11
2019	8	11.25	2.7	-1	1337.85	-1	-1	-1	31.2	18	0	0	17-Aug-19	11
2019	8	11.75	2.7	-1	1372.65	-1	-1	-1	30.45	17.6	0	0	17-Aug-19	11
2019	8	12.25	3.6	-1	1398.6	-1	-1	-1	29	17.1	0	0	17-Aug-19	11
2019	8	12.75	3.7	-1	1401.15	-1	-1	-1	28.45	18	0	0	17-Aug-19	11
2019	8	13.25	3.9	-1	1373.7	-1	-1	-1	28.55	17.9	0	0	17-Aug-19	11
2019	8	13.75	5	-1	1332.45	-1	-1	-1	28.5	16	0	0	17-Aug-19	11
2019	8	14.25	5.3	-1	1265.1	-1	-1	-1	29.1	17.1	0	0	17-Aug-19	11
2019	8	14.75	5.6	-1	1175.1	-1	-1	-1	30.5	18.3	0	0	17-Aug-19	11
2019	8	15.25	5.8	-1	1063.2	-1	-1	-1	32.15	19.3	0	0	17-Aug-19	11
2019	8	15.75	5.6	-1	934.2	-1	-1	-1	33.7	20.3	0	0	17-Aug-19	11
2019	8	16.25	5.4	-1	798.45	-1	-1	-1	34.65	21.6	0	0	17-Aug-19	11
2019	8	16.75	5.3	-1	650.7	-1	-1	-1	35.2	22.3	0	0	17-Aug-19	11
2019	8	17.25	5	-1	503.25	-1	-1	-1	35.75	23	0	0	17-Aug-19	11
2019	8	17.75	4.3	-1	345.3	-1	-1	-1	36.3	23.8	0	0	17-Aug-19	11
2019	8	18.25	3.3	-1	101.7	-1	-1	-1	36.3	18.1	0	0	17-Aug-19	11
2019	8	18.75	3.2	-1	85.65	-1	-1	-1	36.7	15.7	0	0	17-Aug-19	11
2019	8	19.25	2.5	-1	18.6	-1	-1	-1	36.5	16	0	0	17-Aug-19	11
2019	8	19.75	1.8	-1	3	-1	-1	-1	37.05	16	0	0	17-Aug-19	11
2019	8	20.25	1.5	-1	2.55	-1	-1	-1	36.7	15.9	0	0	17-Aug-19	11
2019	8	20.75	1.1	-1	3	-1	-1	-1	36.4	15.3	0	0	17-Aug-19	11
2019	8	21.25	0.9	-1	4.35	-1	-1	-1	35.55	14.8	0	0	17-Aug-19	11
2019	8	21.75	1	-1	0	-1	-1	-1	33.85	14.3	0	0	17-Aug-19	11
2019	8	22.25	1.1	-1	0	-1	-1	-1	30	13.9	0	0	17-Aug-19	11
2019	8	22.75	1.2	-1	3	-1	-1	-1	30	13.4	0	0	17-Aug-19	11
2019	8	23.25	1.8	-1	0	-1	-1	-1	30	13.2	0	0	17-Aug-19	11
2019	8	23.75	2.3	-1	1.8	-1	-1	-1	30	14.2	0	0	17-Aug-19	11
2019	9	0	2.3	-1	1.8	-1	-1	-1	30	14.2	0	0	17-Aug-19	11
