idx	doy	ts	lyr	Temp_can
222010000	222	1	0	17.43
222020000	222	2	0	17.19
222030000	222	3	0	17.06
222040000	222	4	0	16.65
222050000	222	5	0	16.68
222060000	222	6	0	16.42
222070000	222	7	0	16.01
222080000	222	8	0	16.19
222090000	222	9	0	15.94
222100000	222	10	0	15.73
222110000	222	11	0	15.92
222120000	222	12	0	16.21
222130000	222	13	0	17.59
222140000	222	14	0	19.50
222150000	222	15	0	22.55
222160000	222	16	0	24.35
222170000	222	17	0	26.13
222180000	222	18	0	26.83
222190000	222	19	0	28.31
222200000	222	20	0	30.26
222210000	222	21	0	31.19
222220000	222	22	0	31.86
222230000	222	23	0	32.62
222240000	222	24	0	33.55
222250000	222	25	0	34.06
222260000	222	26	0	34.53
222270000	222	27	0	34.75
222280000	222	28	0	34.36
222290000	222	29	0	34.41
222300000	222	30	0	34.36
222310000	222	31	0	33.76
222320000	222	32	0	32.89
222330000	222	33	0	32.23
222340000	222	34	0	31.27
222350000	222	35	0	30.01
222360000	222	36	0	28.70
222370000	222	37	0	26.53
222380000	222	38	0	24.78
222390000	222	39	0	21.51
222400000	222	40	0	19.89
222410000	222	41	0	19.37
222420000	222	42	0	19.00
222430000	222	43	0	18.67
222440000	222	44	0	18.39
222450000	222	45	0	18.31
222460000	222	46	0	17.83
222470000	222	47	0	17.88
222480000	222	48	0	17.75
223010000	223	1	0	17.58
223020000	223	2	0	17.67
223030000	223	3	0	17.86
223040000	223	4	0	17.67
223050000	223	5	0	17.24
223060000	223	6	0	17.05
223070000	223	7	0	17.37
223080000	223	8	0	17.20
223090000	223	9	0	17.06
223100000	223	10	0	17.09
223110000	223	11	0	16.97
223120000	223	12	0	17.00
223130000	223	13	0	18.26
223140000	223	14	0	20.57
223150000	223	15	0	23.31
223160000	223	16	0	25.46
223170000	223	17	0	28.05
223180000	223	18	0	30.24
223190000	223	19	0	33.36
223200000	223	20	0	34.72
223210000	223	21	0	35.62
223220000	223	22	0	36.59
223230000	223	23	0	40.21
223240000	223	24	0	37.83
223250000	223	25	0	37.91
223260000	223	26	0	40.74
223270000	223	27	0	36.08
223280000	223	28	0	40.29
223290000	223	29	0	38.51
223300000	223	30	0	38.33
223310000	223	31	0	37.27
223320000	223	32	0	36.59
223330000	223	33	0	35.80
223340000	223	34	0	34.89
223350000	223	35	0	33.45
223360000	223	36	0	31.96
223370000	223	37	0	29.84
223380000	223	38	0	27.96
223390000	223	39	0	25.82
223400000	223	40	0	25.19
223410000	223	41	0	24.32
223420000	223	42	0	23.87
223430000	223	43	0	23.59
223440000	223	44	0	23.71
223450000	223	45	0	23.55
223460000	223	46	0	23.67
223470000	223	47	0	23.49
223480000	223	48	0	23.65
224010000	224	1	0	23.41
224020000	224	2	0	23.19
224030000	224	3	0	23.08
224040000	224	4	0	22.82
224050000	224	5	0	22.65
224060000	224	6	0	22.48
224070000	224	7	0	22.41
224080000	224	8	0	22.43
224090000	224	9	0	22.67
224100000	224	10	0	22.97
224110000	224	11	0	23.41
224120000	224	12	0	23.45
224130000	224	13	0	23.62
224140000	224	14	0	22.16
224150000	224	15	0	21.49
224160000	224	16	0	21.59
224170000	224	17	0	22.08
224180000	224	18	0	23.34
224190000	224	19	0	23.51
224200000	224	20	0	23.89
224210000	224	21	0	25.30
224220000	224	22	0	25.35
224230000	224	23	0	24.93
224240000	224	24	0	24.63
224250000	224	25	0	24.98
224260000	224	26	0	25.34
224270000	224	27	0	26.84
224280000	224	28	0	27.67
224290000	224	29	0	26.60
224300000	224	30	0	29.21
224310000	224	31	0	29.85
224320000	224	32	0	29.45
224330000	224	33	0	29.90
224340000	224	34	0	26.97
224350000	224	35	0	24.98
224360000	224	36	0	24.86
224370000	224	37	0	24.06
224380000	224	38	0	22.44
224390000	224	39	0	21.66
224400000	224	40	0	20.66
224410000	224	41	0	20.72
224420000	224	42	0	20.80
224430000	224	43	0	20.65
224440000	224	44	0	20.81
224450000	224	45	0	21.04
224460000	224	46	0	20.63
224470000	224	47	0	20.40
224480000	224	48	0	20.44
225010000	225	1	0	20.57
225020000	225	2	0	20.44
225030000	225	3	0	20.31
225040000	225	4	0	19.79
225050000	225	5	0	19.37
225060000	225	6	0	19.34
225070000	225	7	0	19.45
225080000	225	8	0	19.93
225090000	225	9	0	20.17
225100000	225	10	0	20.12
225110000	225	11	0	20.02
225120000	225	12	0	19.61
225130000	225	13	0	20.93
225140000	225	14	0	21.36
225150000	225	15	0	21.50
225160000	225	16	0	21.54
225170000	225	17	0	22.26
225180000	225	18	0	22.53
225190000	225	19	0	23.58
225200000	225	20	0	23.83
225210000	225	21	0	24.13
225220000	225	22	0	26.34
225230000	225	23	0	27.74
225240000	225	24	0	34.23
225250000	225	25	0	30.67
225260000	225	26	0	29.87
225270000	225	27	0	29.64
225280000	225	28	0	27.63
225290000	225	29	0	32.81
225300000	225	30	0	34.51
225310000	225	31	0	27.67
225320000	225	32	0	24.73
225330000	225	33	0	25.12
225340000	225	34	0	25.20
225350000	225	35	0	24.58
225360000	225	36	0	23.46
225370000	225	37	0	23.68
225380000	225	38	0	23.53
225390000	225	39	0	22.66
225400000	225	40	0	22.15
225410000	225	41	0	22.15
225420000	225	42	0	21.88
225430000	225	43	0	21.28
225440000	225	44	0	21.03
225450000	225	45	0	21.23
225460000	225	46	0	21.20
225470000	225	47	0	21.13
225480000	225	48	0	21.12
226010000	226	1	0	21.06
226020000	226	2	0	21.06
226030000	226	3	0	21.00
226040000	226	4	0	21.01
226050000	226	5	0	21.06
226060000	226	6	0	21.06
226070000	226	7	0	21.40
226080000	226	8	0	21.82
226090000	226	9	0	21.95
226100000	226	10	0	21.94
226110000	226	11	0	22.11
226120000	226	12	0	22.15
226130000	226	13	0	22.56
226140000	226	14	0	23.01
226150000	226	15	0	23.56
226160000	226	16	0	24.26
226170000	226	17	0	25.23
226180000	226	18	0	26.15
226190000	226	19	0	28.80
226200000	226	20	0	30.46
226210000	226	21	0	31.95
226220000	226	22	0	32.86
226230000	226	23	0	33.50
226240000	226	24	0	34.01
226250000	226	25	0	34.76
226260000	226	26	0	34.87
226270000	226	27	0	35.00
226280000	226	28	0	35.27
226290000	226	29	0	35.13
226300000	226	30	0	34.66
226310000	226	31	0	34.11
226320000	226	32	0	34.09
226330000	226	33	0	33.43
226340000	226	34	0	31.73
226350000	226	35	0	31.80
226360000	226	36	0	30.96
226370000	226	37	0	29.63
226380000	226	38	0	28.75
226390000	226	39	0	27.16
226400000	226	40	0	25.93
226410000	226	41	0	24.90
226420000	226	42	0	25.52
226430000	226	43	0	25.62
226440000	226	44	0	25.18
226450000	226	45	0	25.23
226460000	226	46	0	25.29
226470000	226	47	0	25.17
226480000	226	48	0	24.81
227010000	227	1	0	24.58
227020000	227	2	0	24.43
227030000	227	3	0	24.58
227040000	227	4	0	24.39
227050000	227	5	0	23.99
227060000	227	6	0	24.03
227070000	227	7	0	23.95
227080000	227	8	0	23.70
227090000	227	9	0	23.77
227100000	227	10	0	23.54
227110000	227	11	0	23.38
227120000	227	12	0	23.30
227130000	227	13	0	23.79
227140000	227	14	0	24.90
227150000	227	15	0	26.42
227160000	227	16	0	27.72
227170000	227	17	0	29.09
227180000	227	18	0	30.43
227190000	227	19	0	31.66
227200000	227	20	0	32.64
227210000	227	21	0	33.52
227220000	227	22	0	34.44
227230000	227	23	0	35.18
227240000	227	24	0	35.90
227250000	227	25	0	36.18
227260000	227	26	0	36.40
227270000	227	27	0	36.39
227280000	227	28	0	36.57
227290000	227	29	0	36.35
227300000	227	30	0	36.13
227310000	227	31	0	35.80
227320000	227	32	0	35.28
227330000	227	33	0	34.67
227340000	227	34	0	34.01
227350000	227	35	0	33.00
227360000	227	36	0	32.08
227370000	227	37	0	30.97
227380000	227	38	0	29.93
227390000	227	39	0	28.76
227400000	227	40	0	27.88
227410000	227	41	0	27.24
227420000	227	42	0	27.26
227430000	227	43	0	27.30
227440000	227	44	0	27.18
227450000	227	45	0	27.16
227460000	227	46	0	26.96
227470000	227	47	0	26.77
227480000	227	48	0	26.66
228010000	228	1	0	26.44
228020000	228	2	0	25.85
228030000	228	3	0	25.68
228040000	228	4	0	25.70
228050000	228	5	0	25.56
228060000	228	6	0	25.57
228070000	228	7	0	25.46
228080000	228	8	0	25.29
228090000	228	9	0	25.26
228100000	228	10	0	25.10
228110000	228	11	0	24.70
228120000	228	12	0	24.51
228130000	228	13	0	25.16
228140000	228	14	0	25.88
228150000	228	15	0	26.96
228160000	228	16	0	28.21
228170000	228	17	0	29.53
228180000	228	18	0	30.70
228190000	228	19	0	31.83
228200000	228	20	0	32.64
228210000	228	21	0	33.31
228220000	228	22	0	33.95
228230000	228	23	0	34.34
228240000	228	24	0	33.33
228250000	228	25	0	33.81
228260000	228	26	0	34.73
228270000	228	27	0	35.15
228280000	228	28	0	35.40
228290000	228	29	0	35.50
228300000	228	30	0	35.33
228310000	228	31	0	34.99
228320000	228	32	0	34.33
228330000	228	33	0	33.47
228340000	228	34	0	32.54
228350000	228	35	0	31.13
228360000	228	36	0	29.63
228370000	228	37	0	27.04
228380000	228	38	0	24.69
228390000	228	39	0	21.82
228400000	228	40	0	21.02
228410000	228	41	0	20.82
228420000	228	42	0	20.66
228430000	228	43	0	20.31
228440000	228	44	0	20.16
228450000	228	45	0	19.79
228460000	228	46	0	19.76
228470000	228	47	0	20.11
228480000	228	48	0	20.09
229010000	229	1	0	19.03
229020000	229	2	0	17.80
229030000	229	3	0	17.89
229040000	229	4	0	18.32
229050000	229	5	0	17.88
229060000	229	6	0	17.89
229070000	229	7	0	17.60
229080000	229	8	0	17.66
229090000	229	9	0	17.70
229100000	229	10	0	17.32
229110000	229	11	0	16.91
229120000	229	12	0	16.93
229130000	229	13	0	18.62
229140000	229	14	0	21.16
229150000	229	15	0	23.57
229160000	229	16	0	26.28
229170000	229	17	0	30.21
229180000	229	18	0	29.92
229190000	229	19	0	31.85
229200000	229	20	0	33.61
229210000	229	21	0	33.27
229220000	229	22	0	33.11
229230000	229	23	0	34.44
229240000	229	24	0	34.80
229250000	229	25	0	34.82
229260000	229	26	0	35.13
229270000	229	27	0	35.43
229280000	229	28	0	35.20
229290000	229	29	0	34.80
229300000	229	30	0	34.42
229310000	229	31	0	33.89
229320000	229	32	0	33.30
229330000	229	33	0	32.73
229340000	229	34	0	31.89
229350000	229	35	0	30.94
229360000	229	36	0	29.80
229370000	229	37	0	26.98
229380000	229	38	0	24.61
229390000	229	39	0	21.71
229400000	229	40	0	20.86
229410000	229	41	0	20.63
229420000	229	42	0	20.45
229430000	229	43	0	20.09
229440000	229	44	0	19.94
229450000	229	45	0	19.76
229460000	229	46	0	19.60
229470000	229	47	0	19.94
229480000	229	48	0	19.92
