file ye187011.augc4 day 364-366 2019 all data from pams (11)      
stn . 11 grid 4439 org lai = 1.70 here totlai =(lai + 30% lai)/ 0.65 = 3.4 
47 1 1  1 2  1 3  1 4  1 5  1 6  1 7  1 8  1 9  1 10 1 11 1 12
2 1  2 2  2 3  2 4  2 5  2 6  2 7  2 8  2 9  2 10  2 11  2 12  2 13  2 14
4 1  4 2  4 3  4 4  5 1
7 1  7 2  7 3  7 4  7 5  7 7  7 8  7 9  7 10  7 13
7 16  7 17  7 18  7 21  7 22 7 27
1   1   (ISPECL)
10  5 1  5 2  5 3  5 4  5 5  5 6  5 7  8 1  8 2  8 3 
1	1  1 (NN2PNT,(ISPN(L),L=1,NN2PNT)
1  1                              (MDAYIN,MDAY(LL),LL=1,MDAYIN)                 
-34.3143 139.8547  90   (LAT  LONG  STD LONG)                                         
3.14 338.9 0.0  ( SLOPE ASPECT (0N 90E) HRZANGLE)
1. 21 2  0 0.003    ( CLODSZ NDSOIL REFDPT resdue, z0soil)
0.  .005 .01 .025 .075 .1 .15 .2 .3 .38 .4 .42 .5 .6 .7 .8 1.0 1.25 1.5 1.75 2.0       (ZSOIL)
3  (NLSOIL)
0.10 1.6  0.5   0.0   0.5  0.43  -2.86   5.00  1.2e-4   (soil1.ZLSOIL,BD,SAND,SILT,CLAY,QRTZ,PE,BX,DAK)
0.40 1.6  0.5   0.0  0.5 0.43  -9.67   6.50  1.1e-5   (soil2.ZLSOIL,BD,SAND,SILT,CLAY,QRTZ,PE,BX,DAK)
1.00 1.6  0.5   0.0   0.5  0.43  -1.61   5.64  3.8e-4   (soil3.ZLSOIL,BD,SAND,SILT,CLAY,QRTZ,PE,BX,DAK)
0 18 2.5 2.2 (IDOROK IROCLY AKROCK CPROCK )
2.E-5 0.01 0.05       (DELD DRHSFC RHSLOP)                                      
4.019876  0.257870 0.028933  0.001238 0.000077             (TIRRIG)             
10882.7266 287.241455 -3.0882 -75.019791 -2.499599 -0.1965 (ETSUM)              
5619.871090 -1266.63257 47.500488  3.507599  0.083400      (QSUM)               
173.876083  3.428699 -0.770100 -0.105900                   (ETFIX)              
-68.959198 -18.997482  0.410400  0.192600                  (QFIX)               
2.8 4.5 28. 24. 53. 27. 13.5 (ZMAX,HTSPK,ABSPK,BSPK,SPKPRS,BDYANG,TDROPI        
1 0 (ibidir itassl)
0  ipp, =1 only reflectance in principle plane is calculated
1  nvzenp: number of view zenith angles in principle plane
0.  20.  35.  50. 65. 80. vwzenp(i),i=1,nvzenp: view zenith angles
6 0.5  15.  30. 45. 60.  75.   (NOZENV,VIEWZN(L),L=1,NOZENV)
2 85. 277.  90. 135. 180. 225. 270. 315.   (NOAZMV,VIEWAZ(L),L=1,NOAZMV)
9 16  2  .2  1.0  3  (ITOT JMAX JMIN DFMIN CLUMP kmax)
.95 .95  .5     (EMIS EMISOL factir)
.05 .15 .05 .136 .415  .04  .08  .463 .0   (RSOIL RLEAF  TLEAF BIG BLUESTEM)
.0  .0  .0  .0  .0  .0   (dead leaf refl and transmittance)
0.        0.         8.16 0.       0.      41.18  (AVISR,BVISR,CVISR,ANIRR,BNIRR
0.        0.      3.22  0.       0.       57.23   (AVIST,BVIST,CVIST,ANIRT,BNIRT
1 9 .07 .16 .29 .30 .18 .18 .18 .18 .18     (ISPHER NALPHA GR(ALPHA) )
1 3.326  3.326 (IMUNU  XMEU or angmn   XNEU or angsd     IMUNU=1 or 2)
0  180.   15.  37.62 50  (imunua xmeuaz/angamn xneuaz/angasd beta0 nbeta)
3  1 0.015  (ROWSPC  PLSPC DMAX)                                             
3 1    (ILAIUP PLTPM2)                                                          
2.  .20  1.5 0.03 0.71  (REFHTW ZDHCR amfull, z0dh dispdh)                                        
5 3 2.5 2.25 2 1.75         (NLABCY,(Z(L),L=1,NLABCY)) 
2  .5  0.25  0.03                 (NLBCPY,(Z(L),L=1,NLBCPY))                    
3000. 100. 3. 100.  (RS VS LIGHT   RCUT20 RSMIN ANSTOM RADN)                    
30. 45. -2. 6. 5.     (RS VS TEMP   TRSOPT TRSMAX TRSMIN RSEXP RSM)             
-10.0 -17.0  .4  (PSI1 PSI2  cidcai, -1 to use cidca in code)  
10 330. 1. .0137 .0   4.   .08 30.  (IC3C4 CAIR FS CUCOND D1 bkv conmin RXCHAM)
0  35.       (NOTEMP=1 IF NO TEMP EFFECT IN PS AND KS ELSE =0, TFIX             
3.E6      (RROOT)                                                               
0.5  0.2 0.15      (FRSTEM FRWTMX PINTMX)                                       
2                                                                               
363 3.0 .37 1.5 0.8 0.33 0.66 30.3 .001  (LDAYIN,XTLAI,frlive,XHT,XAROT,XZLDH,XZMDH,       
365 3.0 .37 1.5 0.8 0.33 0.66 30.3 .001  TSOLBC,WSOLBC)                               
.001 .001 .001 .001 .001 .001 .001 .001 .001 .001 .001 .001 .001 .001 .001 .001 .001 .001 .001 .001 .001       (WATER)
  2  1.0  1.0      (NODAYS  RATIO-DAY   RATIO-NITE)          
2018	363	0.25	1.9	-1	0	-1	-1	-1	30.3	4.41	0.175	2	29/12/2018	30		
2018	363	0.75	2	-1	0	-1	-1	-1	29.6	4.24	0.175	2	29/12/2018	30		
2018	363	1.25	2.6	-1	0	-1	-1	-1	33	5.08	0.175	2	29/12/2018	30		
2018	363	1.75	2.7	-1	0	-1	-1	-1	33.4	5.19	0.175	2	29/12/2018	30		
2018	363	2.25	2.6	-1	0	-1	-1	-1	33.7	5.27	0.175	2	29/12/2018	30		
2018	363	2.75	2.4	-1	0	-1	-1	-1	33.9	5.32	0.175	2	29/12/2018	30		
2018	363	3.25	2.6	-1	0	-1	-1	-1	33.9	5.32	0.175	2	29/12/2018	30		
2018	363	3.75	2.2	-1	0	-1	-1	-1	33.4	5.19	0	0	29/12/2018	30		
2018	363	4.25	2.2	-1	0	-1	-1	-1	33.4	5.19	0	0	29/12/2018	30		
2018	363	4.75	3.3	-1	0	-1	-1	-1	33.5	5.22	0	0	29/12/2018	30		
2018	363	5.25	3.7	-1	0	-1	-1	-1	33.4	5.19	0	0	29/12/2018	30		
2018	363	5.75	2.5	-1	0	-1	-1	-1	32.9	5.05	0	0	29/12/2018	30		
2018	363	6.25	3.4	-1	0	-1	-1	-1	32.9	5.05	0	0	29/12/2018	30		
2018	363	6.75	2.8	-1	17.5	-1	-1	-1	32.9	5.05	0	0	29/12/2018	30		
2018	363	7.25	3	-1	185.5	-1	-1	-1	32.8	5.03	0	0	29/12/2018	30		
2018	363	7.75	4.3	-1	313.25	-1	-1	-1	33	5.08	0	0	29/12/2018	30		
2018	363	8.25	4.1	-1	451.5	-1	-1	-1	32.9	5.05	0	0	29/12/2018	30		
2018	363	8.75	5.1	-1	572.25	-1	-1	-1	34	5.35	0	0	29/12/2018	30		
2018	363	9.25	4.9	-1	705.25	-1	-1	-1	34.3	5.43	0	0	29/12/2018	30		
2018	363	9.75	4.4	-1	812	-1	-1	-1	35.1	5.65	0	0	29/12/2018	30		
2018	363	10.25	3.6	-1	889	-1	-1	-1	36.9	6.22	0	0	29/12/2018	30		
2018	363	10.75	2.7	-1	920.5	-1	-1	-1	37.3	6.34	0	0	29/12/2018	30		
2018	363	11.25	2.8	-1	964.25	-1	-1	-1	37.8	6.50	0	0	29/12/2018	30		
2018	363	11.75	2.9	-1	978.25	-1	-1	-1	37.8	6.50	0	0	29/12/2018	30		
2018	363	12.25	2.7	-1	983.5	-1	-1	-1	38.5	6.74	0	0	29/12/2018	30		
2018	363	12.75	2.8	-1	974.75	-1	-1	-1	39.6	7.13	0	0	29/12/2018	30		
2018	363	13.25	2.3	-1	908.25	-1	-1	-1	40.3	7.37	0	0	29/12/2018	30		
2018	363	13.75	2.2	-1	824.25	-1	-1	-1	40.8	7.55	0	0	29/12/2018	30		
2018	363	14.25	2	-1	808.5	-1	-1	-1	40.8	7.55	0	0	29/12/2018	30		
2018	363	14.75	2.4	-1	752.5	-1	-1	-1	40.8	7.55	0	0	29/12/2018	30		
2018	363	15.25	2.3	-1	581	-1	-1	-1	40.6	7.48	0	0	29/12/2018	30		
2018	363	15.75	1.7	-1	493.5	-1	-1	-1	40.6	7.48	0	0	29/12/2018	30		
2018	363	16.25	2.4	-1	264.25	-1	-1	-1	40.1	7.30	0	0	29/12/2018	30		
2018	363	16.75	2.7	-1	173.25	-1	-1	-1	40	7.27	0	0	29/12/2018	30		
2018	363	17.25	2.6	-1	168	-1	-1	-1	38.9	6.88	0	0	29/12/2018	30		
2018	363	17.75	1.6	-1	43.75	-1	-1	-1	38.1	6.60	0	0	29/12/2018	30		
2018	363	18.25	1.6	-1	0	-1	-1	-1	37.4	6.37	0	0	29/12/2018	30		
2018	363	18.75	1.3	-1	0	-1	-1	-1	36.7	6.15	0	0	29/12/2018	30		
2018	363	19.25	0.8	-1	0	-1	-1	-1	35.5	5.78	0	0	29/12/2018	30		
2018	363	19.75	1	-1	0	-1	-1	-1	34.6	5.51	0	0	29/12/2018	30		
2018	363	20.25	1.3	-1	0	-1	-1	-1	33.9	5.32	0	0	29/12/2018	30		
2018	363	20.75	1.5	-1	0	-1	-1	-1	33.1	5.11	0	0	29/12/2018	30		
2018	363	21.25	1.6	-1	0	-1	-1	-1	32.2	4.86	0	0	29/12/2018	30		
2018	363	21.75	1.6	-1	0	-1	-1	-1	31.6	4.72	0	0	29/12/2018	30		
2018	363	22.25	2.1	-1	0	-1	-1	-1	30.7	4.50	0	0	29/12/2018	30		
2018	363	22.75	1.8	-1	0	-1	-1	-1	30.3	4.41	0	0	29/12/2018	30		
2018	363	23.25	2.9	-1	0	-1	-1	-1	30.4	4.43	0	0	29/12/2018	30		
2018	363	23.75	2.9	-1	0	-1	-1	-1	30.2	4.38	0	0	29/12/2018	30		  
2018	364	0.25	1.9	-1	0	-1	-1	-1	30.3	4.41	0	0	30/12/2018	30		
2018	364	0.75	2	-1	0	-1	-1	-1	29.6	4.24	0.15	2	30/12/2018	30		
2018	364	1.25	2.6	-1	0	-1	-1	-1	33	5.08	0	0	30/12/2018	30		
2018	364	1.75	2.7	-1	0	-1	-1	-1	33.4	5.19	0	0	30/12/2018	30		
2018	364	2.25	2.6	-1	0	-1	-1	-1	33.7	5.27	0	0	30/12/2018	30		
2018	364	2.75	2.4	-1	0	-1	-1	-1	33.9	5.32	0	0	30/12/2018	30		
2018	364	3.25	2.6	-1	0	-1	-1	-1	33.9	5.32	0	0	30/12/2018	30		
2018	364	3.75	2.2	-1	0	-1	-1	-1	33.4	5.19	0	0	30/12/2018	30		
2018	364	4.25	2.2	-1	0	-1	-1	-1	33.4	5.19	0	0	30/12/2018	30		
2018	364	4.75	3.3	-1	0	-1	-1	-1	33.5	5.22	0	0	30/12/2018	30		
2018	364	5.25	3.7	-1	0	-1	-1	-1	33.4	5.19	0	0	30/12/2018	30		
2018	364	5.75	2.5	-1	0	-1	-1	-1	32.9	5.05	0	0	30/12/2018	30		
2018	364	6.25	3.4	-1	0	-1	-1	-1	32.9	5.05	0	0	30/12/2018	30		
2018	364	6.75	2.8	-1	17.5	-1	-1	-1	32.9	5.05	0	0	30/12/2018	30		
2018	364	7.25	3	-1	185.5	-1	-1	-1	32.8	5.03	0	0	30/12/2018	30		
2018	364	7.75	4.3	-1	313.25	-1	-1	-1	33	5.08	0	0	30/12/2018	30		
2018	364	8.25	4.1	-1	451.5	-1	-1	-1	32.9	5.05	0	0	30/12/2018	30		
2018	364	8.75	5.1	-1	572.25	-1	-1	-1	34	5.35	0	0	30/12/2018	30		
2018	364	9.25	4.9	-1	705.25	-1	-1	-1	34.3	5.43	0	0	30/12/2018	30		
2018	364	9.75	4.4	-1	812	-1	-1	-1	35.1	5.65	0	0	30/12/2018	30		
2018	364	10.25	3.6	-1	889	-1	-1	-1	36.9	6.22	0	0	30/12/2018	30		
2018	364	10.75	2.7	-1	920.5	-1	-1	-1	37.3	6.34	0	0	30/12/2018	30		
2018	364	11.25	2.8	-1	964.25	-1	-1	-1	37.8	6.50	0	0	30/12/2018	30		
2018	364	11.75	2.9	-1	978.25	-1	-1	-1	37.8	6.50	0	0	30/12/2018	30		
2018	364	12.25	2.7	-1	983.5	-1	-1	-1	38.5	6.74	0	0	30/12/2018	30		
2018	364	12.75	2.8	-1	974.75	-1	-1	-1	39.6	7.13	0	0	30/12/2018	30		
2018	364	13.25	2.3	-1	908.25	-1	-1	-1	40.3	7.37	0	0	30/12/2018	30		
2018	364	13.75	2.2	-1	824.25	-1	-1	-1	40.8	7.55	0	0	30/12/2018	30		
2018	364	14.25	2	-1	808.5	-1	-1	-1	40.8	7.55	0	0	30/12/2018	30		
2018	364	14.75	2.4	-1	752.5	-1	-1	-1	40.8	7.55	0	0	30/12/2018	30		
2018	364	15.25	2.3	-1	581	-1	-1	-1	40.6	7.48	0	0	30/12/2018	30		
2018	364	15.75	1.7	-1	493.5	-1	-1	-1	40.6	7.48	0	0	30/12/2018	30		
2018	364	16.25	2.4	-1	264.25	-1	-1	-1	40.1	7.30	0	0	30/12/2018	30		
2018	364	16.75	2.7	-1	173.25	-1	-1	-1	40	7.27	0	0	30/12/2018	30		
2018	364	17.25	2.6	-1	168	-1	-1	-1	38.9	6.88	0	0	30/12/2018	30		
2018	364	17.75	1.6	-1	43.75	-1	-1	-1	38.1	6.60	0	0	30/12/2018	30		
2018	364	18.25	1.6	-1	0	-1	-1	-1	37.4	6.37	0	0	30/12/2018	30		
2018	364	18.75	1.3	-1	0	-1	-1	-1	36.7	6.15	0	0	30/12/2018	30		
2018	364	19.25	0.8	-1	0	-1	-1	-1	35.5	5.78	0	0	30/12/2018	30		
2018	364	19.75	1	-1	0	-1	-1	-1	34.6	5.51	0	0	30/12/2018	30		
2018	364	20.25	1.3	-1	0	-1	-1	-1	33.9	5.32	0	0	30/12/2018	30		
2018	364	20.75	1.5	-1	0	-1	-1	-1	33.1	5.11	0	0	30/12/2018	30		
2018	364	21.25	1.6	-1	0	-1	-1	-1	32.2	4.86	0	0	30/12/2018	30		
2018	364	21.75	1.6	-1	0	-1	-1	-1	31.6	4.72	0	0	30/12/2018	30		
2018	364	22.25	2.1	-1	0	-1	-1	-1	30.7	4.50	0	0	30/12/2018	30		
2018	364	22.75	1.8	-1	0	-1	-1	-1	30.3	4.41	0	0	30/12/2018	30		
2018	364	23.25	2.9	-1	0	-1	-1	-1	30.4	4.43	0	0	30/12/2018	30		
2018	364	23.75	2.9	-1	0	-1	-1	-1	30.2	4.38	0	0	30/12/2018	30		
2018	365	0.25	1.9	-1	0	-1	-1	-1	30.3	4.41	0	0	31/12/2018	31		
2018	365	0.75	2	-1	0	-1	-1	-1	29.6	4.24	0.15	2	31/12/2018	31		
2018	365	1.25	2.6	-1	0	-1	-1	-1	33	5.08	0	0	31/12/2018	31		
2018	365	1.75	2.7	-1	0	-1	-1	-1	33.4	5.19	0	0	31/12/2018	31		
2018	365	2.25	2.6	-1	0	-1	-1	-1	33.7	5.27	0	0	31/12/2018	31		
2018	365	2.75	2.4	-1	0	-1	-1	-1	33.9	5.32	0	0	31/12/2018	31		
2018	365	3.25	2.6	-1	0	-1	-1	-1	33.9	5.32	0	0	31/12/2018	31		
2018	365	3.75	2.2	-1	0	-1	-1	-1	33.4	5.19	0	0	31/12/2018	31		
2018	365	4.25	2.2	-1	0	-1	-1	-1	33.4	5.19	0	0	31/12/2018	31		
2018	365	4.75	3.3	-1	0	-1	-1	-1	33.5	5.22	0	0	31/12/2018	31		
2018	365	5.25	3.7	-1	0	-1	-1	-1	33.4	5.19	0	0	31/12/2018	31		
2018	365	5.75	2.5	-1	0	-1	-1	-1	32.9	5.05	0	0	31/12/2018	31		
2018	365	6.25	3.4	-1	0	-1	-1	-1	32.9	5.05	0	0	31/12/2018	31		
2018	365	6.75	2.8	-1	17.5	-1	-1	-1	32.9	5.05	0	0	31/12/2018	31		
2018	365	7.25	3	-1	185.5	-1	-1	-1	32.8	5.03	0	0	31/12/2018	31		
2018	365	7.75	4.3	-1	313.25	-1	-1	-1	33	5.08	0	0	31/12/2018	31		
2018	365	8.25	4.1	-1	451.5	-1	-1	-1	32.9	5.05	0	0	31/12/2018	31		
2018	365	8.75	5.1	-1	572.25	-1	-1	-1	34	5.35	0	0	31/12/2018	31		
2018	365	9.25	4.9	-1	705.25	-1	-1	-1	34.3	5.43	0	0	31/12/2018	31		
2018	365	9.75	4.4	-1	812	-1	-1	-1	35.1	5.65	0	0	31/12/2018	31		
2018	365	10.25	3.6	-1	889	-1	-1	-1	36.9	6.22	0	0	31/12/2018	31		
2018	365	10.75	2.7	-1	920.5	-1	-1	-1	37.3	6.34	0	0	31/12/2018	31		
2018	365	11.25	2.8	-1	964.25	-1	-1	-1	37.8	6.50	0	0	31/12/2018	31		
2018	365	11.75	2.9	-1	978.25	-1	-1	-1	37.8	6.50	0	0	31/12/2018	31		
2018	365	12.25	2.7	-1	983.5	-1	-1	-1	38.5	6.74	0	0	31/12/2018	31		
2018	365	12.75	2.8	-1	974.75	-1	-1	-1	39.6	7.13	0	0	31/12/2018	31		
2018	365	13.25	2.3	-1	908.25	-1	-1	-1	40.3	7.37	0	0	31/12/2018	31		
2018	365	13.75	2.2	-1	824.25	-1	-1	-1	40.8	7.55	0	0	31/12/2018	31		
2018	365	14.25	2	-1	808.5	-1	-1	-1	40.8	7.55	0	0	31/12/2018	31		
2018	365	14.75	2.4	-1	752.5	-1	-1	-1	40.8	7.55	0	0	31/12/2018	31		
2018	365	15.25	2.3	-1	581	-1	-1	-1	40.6	7.48	0	0	31/12/2018	31		
2018	365	15.75	1.7	-1	493.5	-1	-1	-1	40.6	7.48	0	0	31/12/2018	31		
2018	365	16.25	2.4	-1	264.25	-1	-1	-1	40.1	7.30	0	0	31/12/2018	31		
2018	365	16.75	2.7	-1	173.25	-1	-1	-1	40	7.27	0	0	31/12/2018	31		
2018	365	17.25	2.6	-1	168	-1	-1	-1	38.9	6.88	0	0	31/12/2018	31		
2018	365	17.75	1.6	-1	43.75	-1	-1	-1	38.1	6.60	0	0	31/12/2018	31		
2018	365	18.25	1.6	-1	0	-1	-1	-1	37.4	6.37	0	0	31/12/2018	31		
2018	365	18.75	1.3	-1	0	-1	-1	-1	36.7	6.15	0	0	31/12/2018	31		
2018	365	19.25	0.8	-1	0	-1	-1	-1	35.5	5.78	0	0	31/12/2018	31		
2018	365	19.75	1	-1	0	-1	-1	-1	34.6	5.51	0	0	31/12/2018	31		
2018	365	20.25	1.3	-1	0	-1	-1	-1	33.9	5.32	0	0	31/12/2018	31		
2018	365	20.75	1.5	-1	0	-1	-1	-1	33.1	5.11	0	0	31/12/2018	31		
2018	365	21.25	1.6	-1	0	-1	-1	-1	32.2	4.86	0	0	31/12/2018	31		
2018	365	21.75	1.6	-1	0	-1	-1	-1	31.6	4.72	0	0	31/12/2018	31		
2018	365	22.25	2.1	-1	0	-1	-1	-1	30.7	4.50	0	0	31/12/2018	31		
2018	365	22.75	1.8	-1	0	-1	-1	-1	30.3	4.41	0	0	31/12/2018	31		
2018	365	23.25	2.9	-1	0	-1	-1	-1	30.4	4.43	0	0	31/12/2018	31		
2018	365	23.75	2.9	-1	0	-1	-1	-1	30.2	4.38	0	0	31/12/2018	31
2018	366	23.75	2.9	-1	0	-1	-1	-1	30.2	4.38	0	0	31/12/2018	31
2019  001 0     2.9	-1	0	-1	-1	-1	30.2	4.38	0	0	31/12/2018	01
