"timloc"" evtot"" htot ""
     96     96     96
    0.25 -23.46 -16.24
    0.75 -24.29 -14.82
    1.25 -26.22 -13.08
    1.75 -22.80 -11.24
    2.25 -20.15  -9.73
    2.75 -20.96 -10.39
    3.25 -20.96 -11.09
    3.75 -21.62 -15.40
    4.25 -22.37 -17.76
    4.75 -19.70 -21.17
    5.25 -24.96 -15.05
    5.75 -14.63  -7.15
    6.25   3.64   0.10
    6.75  11.74   2.07
    7.25  19.70   3.48
    7.75  30.05   1.20
    8.25  66.59  14.27
    8.75  74.96  10.95
    9.25 111.60  18.19
    9.75  93.90   6.45
   10.25  95.47   6.75
   10.75 204.11  36.64
   11.25 135.62  39.21
   11.75 177.00  59.75
   12.25 178.93  43.23
   12.75 210.53  32.79
   13.25 202.12  39.87
   13.75 110.77   1.65
   14.25 214.82  94.46
   14.75 159.32  79.60
   15.25  65.76  46.87
   15.75  82.15  -6.47
   16.25  74.43   0.37
   16.75  58.23   0.53
   17.25  53.70  -7.20
   17.75  30.23 -10.46
   18.25  11.66  -1.57
   18.75  14.44  -6.75
   19.25 -19.43 -14.11
   19.75 -19.20  -9.34
   20.25 -18.53 -10.94
   20.75 -15.54 -19.17
   21.25 -15.89 -19.46
   21.75 -17.25 -18.85
   22.25 -15.57 -21.62
   22.75 -18.76 -18.86
   23.25 -20.62 -17.12
   23.75 -21.92 -15.89
    0.25 -22.63 -15.37
    0.75 -22.23 -15.61
    1.25 -19.66 -18.14
    1.75 -20.05 -17.90
    2.25 -21.93 -16.01
    2.75 -21.22 -16.84
    3.25 -22.83 -15.77
    3.75 -21.14 -17.82
    4.25 -24.30 -14.57
    4.75 -24.95 -13.76
    5.25 -25.13 -14.19
    5.75 -18.65  -9.37
    6.25   2.78  -1.00
    6.75  18.02   4.25
    7.25  39.21  12.30
    7.75  81.04  24.41
    8.25 168.43  26.15
    8.75 209.50  16.86
    9.25 267.80  30.69
    9.75 272.39  64.91
   10.25 276.53  77.17
   10.75 224.06 133.51
   11.25 195.58 172.90
   11.75 210.29 170.25
   12.25 224.01 174.54
   12.75 235.19 163.02
   13.25 242.30 150.18
   13.75 238.54 153.74
   14.25 242.12 124.67
   14.75 228.19 108.34
   15.25 213.72  72.04
   15.75 194.55 110.87
   16.25 182.84  63.81
   16.75 131.19 -15.68
   17.25 128.35 -14.27
   17.75 109.33 -20.60
   18.25  55.35 -40.90
   18.75  41.28 -44.00
   19.25  20.82 -64.39
   19.75  11.10 -47.15
   20.25   4.29 -35.94
   20.75   9.81 -48.40
   21.25  13.39 -55.47
   21.75  12.71 -55.10
   22.25  14.69 -60.04
   22.75  14.23 -59.96
   23.25  12.78 -57.86
   23.75  10.07 -53.13
